48
149
147
135
135
134
124
93
133
149
223
106
42
110
179
194
194
193
182
170
136
162
213
51
78
40
128
189
194
193
174
110
111
182
183
127
40
89
116
230
195
183
108
87
109
176
142
101
40
112
100
217
224
66
114
129
127
100
27
105
106
205
104
120
231
197
136
128
116
34
3
25
101
97
130
135
152
218
127
207
123
77
22
16
39
102
119
133
153
217
114
169
100
89
40
115
136
136
137
138
153
210
42
45
97
105
113
124
116
125
125
115
125
128
127
116
121
122
122
117
54
117
117
55
115
123
113
112
113
113
102
36
29
40
104
121
91
122
128
124
23
48
174
100
106
115
126
103
48
115
129
124
95
87
96
124
136
158
230
206
104
127
128
128
116
95
96
123
135
135
159
230
206
68
52
100
104
90
86
113
135
135
135
159
227
217
196
42
37
96
106
110
115
115
114
114
109
101
41
30
94
51
38
29
19
29
31
31
30
41
101
100
119
134
129
125
115
53
89
41
111
112
102
60
162
181
138
105
123
101
39
102
127
123
92
87
165
164
161
155
128
112
30
112
129
123
92
87
190
186
162
140
135
136
162
213
53
119
188
188
165
161
141
135
135
133
149
219
108
135
188
187
135
102
31
43
47
55
114
172
147
177
194
186
137
111
41
191
221
207
148
185
186
180
173
135
113
43
86
43
114
129
128
123
0
0
0
0
0
0
0
0
0
0
0
0
0
0
0
0
135
135
135
135
135
134
134
134
135
138
135
135
135
135
135
135
135
135
135
135
141
152
137
135
137
135
135
135
135
135
133
136
154
160
164
161
140
136
147
161
134
136
148
151
154
154
154
153
150
162
228
226
217
139
208
212
135
135
140
162
218
222
217
123
104
108
51
46
135
137
155
161
164
164
161
140
135
135
135
137
135
135
138
139
151
155
154
148
136
133
134
133
133
135
158
231
221
130
122
174
162
149
150
150
149
161
232
222
139
174
185
198
196
176
174
183
182
167
109
97
149
174
193
177
157
62
45
82
105
118
168
141
135
135
128
87
135
134
150
223
160
185
196
184
141
134
128
88
135
134
150
220
111
122
136
146
92
114
134
174
135
134
150
220
111
113
104
137
139
175
188
194
174
110
112
185
189
141
116
128
188
192
184
171
108
87
108
183
187
136
129
129
128
128
127
102
55
176
198
184
180
133
112
113
127
128
129
111
38
173
186
147
135
135
128
87
134
147
228
217
48
149
147
135
135
134
124
93
133
149
223
106
42
110
179
194
194
193
182
170
136
162
213
51
78
40
128
189
194
193
174
110
111
182
183
127
40
89
116
230
195
183
108
87
109
176
142
101
40
112
100
217
224
66
114
129
127
100
27
105
106
205
104
120
231
197
136
128
116
34
3
25
101
97
130
135
152
218
127
207
123
77
22
16
39
102
119
133
153
217
114
169
100
89
40
115
136
136
137
138
153
210
42
45
97
105
113
124
116
125
125
115
125
128
127
116
121
122
122
117
54
117
117
55
115
123
113
112
113
113
102
36
29
40
104
121
91
122
128
124
23
48
174
100
106
115
126
103
48
115
129
124
95
87
96
124
136
158
230
206
104
127
128
128
116
95
96
123
135
135
159
230
206
68
52
100
104
90
86
113
135
135
135
159
227
217
196
42
37
96
106
110
115
115
114
114
109
101
41
30
94
51
38
29
19
29
31
31
30
41
101
100
119
134
129
125
115
53
89
41
111
112
102
60
162
181
138
105
123
101
39
102
127
123
92
87
165
164
161
155
128
112
30
112
129
123
92
87
190
186
162
140
135
136
162
213
53
119
188
188
165
161
141
135
135
133
149
219
108
135
188
187
135
102
31
43
47
55
114
172
147
177
194
186
137
111
41
191
221
207
148
185
186
180
173
135
113
43
86
43
114
129
128
123
0
0
0
0
0
0
0
0
0
0
0
0
0
0
0
0
141
152
137
135
137
135
135
135
135
135
133
136
154
160
164
161
140
136
147
161
134
136
148
151
154
154
154
153
150
162
228
226
217
139
208
212
135
135
140
162
218
222
217
123
104
108
51
46
135
137
155
161
164
164
161
140
135
135
135
137
135
135
138
139
151
155
154
148
136
133
134
133
133
135
158
231
221
130
122
174
162
149
150
150
149
161
232
222
139
174
185
198
196
176
174
183
182
167
109
97
149
174
193
177
157
62
45
82
105
118
168
141
135
135
128
87
135
134
150
223
160
185
196
184
141
134
128
88
135
134
150
220
111
122
136
146
92
114
134
174
135
134
150
220
111
113
104
137
139
175
188
194
174
110
112
185
189
141
116
128
188
192
184
171
